
Sains

0.942875,
0.941461,
0.938791,
0.935165,
0.930783,
0.925782,
0.920251,
0.914247,
0.907805,
0.900945,
0.893675,
0.886000,
0.877915,
0.869416,
0.860494,
0.851141,
0.841348,
0.831105,
0.820404,
0.809236,
0.797596,
0.785477,
0.772876,
0.759791,
0.746224,
0.732177,
0.717657,
0.702672,
0.687236,
0.671365,
0.655079,
0.638400,
0.621358,
0.603984,
0.586313,
0.568386,
0.550245,
0.531937,
0.513512,
0.495023,
0.476523,
0.458283,
0.440345,
0.422546,
0.404943,
0.387787,
0.371108,
0.354757,
0.338784,
0.323385,
0.308574,
0.294224,
0.280360,
0.267123,
0.254506,
0.242405,
0.230826,
0.219854,
0.209471,
0.199592,
0.190211,
0.181371,
0.173048,
0.165176,
0.157741,
0.150759,
0.144206,
0.138034,
0.132223,
0.126777,
0.121673,
0.116876,
0.112367,
0.108144,
0.104188,
0.100472,
0.096982,
0.093711,
0.090645,
0.087764,
0.085057,
0.082517,
0.080134,
0.077892,
0.075784,
0.073803,
0.071942,
0.070189,
0.068538,
0.066984,
0.065521,
0.064141,
0.062840,
0.061613,
0.060456,
0.059364,
0.058332,
0.057357,
0.056436,


Contagieux

0.050000,
0.047125,
0.039114,
0.033961,
0.030795,
0.029018,
0.028215,
0.028103,
0.028487,
0.029231,
0.030246,
0.031466,
0.032848,
0.034363,
0.035990,
0.037714,
0.039524,
0.041412,
0.043373,
0.045399,
0.047487,
0.049630,
0.051823,
0.054059,
0.056332,
0.058633,
0.060953,
0.063283,
0.065611,
0.067924,
0.070211,
0.072455,
0.074643,
0.076756,
0.078779,
0.080694,
0.082483,
0.084127,
0.085609,
0.086912,
0.088019,
0.088916,
0.089372,
0.089435,
0.089348,
0.089081,
0.088421,
0.087416,
0.086283,
0.085000,
0.083399,
0.081530,
0.079575,
0.077523,
0.075256,
0.072821,
0.070359,
0.067866,
0.065265,
0.062595,
0.059954,
0.057345,
0.054716,
0.052096,
0.049549,
0.047074,
0.044641,
0.042265,
0.039985,
0.037799,
0.035685,
0.033652,
0.031719,
0.029883,
0.028130,
0.026460,
0.024884,
0.023398,
0.021989,
0.020658,
0.019407,
0.018232,
0.017126,
0.016084,
0.015108,
0.014195,
0.013337,
0.012531,
0.011778,
0.011073,
0.010413,
0.009793,
0.009214,
0.008672,
0.008165,
0.007689,
0.007243,
0.006827,
0.006436,
0.006070,


Infectés

0.000000,
0.010000,
0.018892,
0.025707,
0.031128,
0.035627,
0.039530,
0.043065,
0.046389,
0.049612,
0.052813,
0.056045,
0.059349,
0.062753,
0.066279,
0.069942,
0.073755,
0.077726,
0.081863,
0.086171,
0.090656,
0.095318,
0.100160,
0.105183,
0.110385,
0.115764,
0.121317,
0.127037,
0.132919,
0.138952,
0.145126,
0.151428,
0.157843,
0.164353,
0.170939,
0.177578,
0.184246,
0.190916,
0.197559,
0.204145,
0.210639,
0.217009,
0.223218,
0.229188,
0.234852,
0.240196,
0.245201,
0.249808,
0.253968,
0.257680,
0.260937,
0.263700,
0.265942,
0.267673,
0.268902,
0.269612,
0.269797,
0.269479,
0.268680,
0.267404,
0.265661,
0.263483,
0.260900,
0.257928,
0.254591,
0.250923,
0.246955,
0.242712,
0.238221,
0.233513,
0.228618,
0.223563,
0.218369,
0.213067,
0.207680,
0.202230,
0.196736,
0.191220,
0.185701,
0.180195,
0.174716,
0.169279,
0.163898,
0.158581,
0.153341,
0.148184,
0.143120,
0.138154,
0.133292,
0.128539,
0.123898,
0.119373,
0.114965,
0.110676,
0.106508,
0.102460,
0.098534,
0.094727,
0.091040,
0.087472,


Rétablis

0.000000,
0.000000,
0.000333,
0.000963,
0.001820,
0.002858,
0.004045,
0.005363,
0.006798,
0.008345,
0.009998,
0.011759,
0.013627,
0.015605,
0.017697,
0.019906,
0.022238,
0.024696,
0.027287,
0.030016,
0.032888,
0.035910,
0.039087,
0.042426,
0.045932,
0.049612,
0.053470,
0.057514,
0.061749,
0.066180,
0.070811,
0.075649,
0.080696,
0.085958,
0.091436,
0.097134,
0.103054,
0.109195,
0.115559,
0.122144,
0.128949,
0.135970,
0.143204,
0.150645,
0.158284,
0.166113,
0.174119,
0.182293,
0.190619,
0.199085,
0.207674,
0.216372,
0.225162,
0.234027,
0.242949,
0.251913,
0.260900,
0.269893,
0.278876,
0.287832,
0.296745,
0.305601,
0.314383,
0.323080,
0.331678,
0.340164,
0.348528,
0.356760,
0.364850,
0.372791,
0.380575,
0.388196,
0.395648,
0.402927,
0.410029,
0.416951,
0.423692,
0.430250,
0.436624,
0.442814,
0.448821,
0.454645,
0.460287,
0.465751,
0.471037,
0.476148,
0.481087,
0.485858,
0.490463,
0.494906,
0.499191,
0.503321,
0.507300,
0.511132,
0.514821,
0.518372,
0.521787,
0.525072,
0.528229,
0.531264,


Mort

0.000000,
0.000000,
0.000200,
0.000578,
0.001092,
0.001715,
0.002427,
0.003218,
0.004079,
0.005007,
0.005999,
0.007055,
0.008176,
0.009363,
0.010618,
0.011944,
0.013343,
0.014818,
0.016372,
0.018010,
0.019733,
0.021546,
0.023452,
0.025456,
0.027559,
0.029767,
0.032082,
0.034509,
0.037049,
0.039708,
0.042487,
0.045389,
0.048418,
0.051575,
0.054862,
0.058281,
0.061832,
0.065517,
0.069335,
0.073287,
0.077369,
0.081582,
0.085922,
0.090387,
0.094971,
0.099668,
0.104471,
0.109376,
0.114372,
0.119451,
0.124605,
0.129823,
0.135097,
0.140416,
0.145770,
0.151148,
0.156540,
0.161936,
0.167325,
0.172699,
0.178047,
0.183360,
0.188630,
0.193848,
0.199007,
0.204098,
0.209117,
0.214056,
0.218910,
0.223675,
0.228345,
0.232917,
0.237389,
0.241756,
0.246017,
0.250171,
0.254216,
0.258150,
0.261975,
0.265689,
0.269293,
0.272787,
0.276172,
0.279450,
0.282622,
0.285689,
0.288653,
0.291515,
0.294278,
0.296944,
0.299515,
0.301993,
0.304380,
0.306679,
0.308893,
0.311023,
0.313072,
0.315043,
0.316938,
0.318758,


1.000000
1.000000
1.000000
1.000000
1.000000
1.000000
1.000000
1.000000
1.000000
1.000000
1.000000
1.000000
1.000000
1.000000
1.000000
1.000000
1.000000
1.000000
1.000000
1.000000
1.000000
1.000000
1.000000
1.000000
1.000000
1.000000
1.000000
1.000000
1.000000
1.000000
1.000000
1.000000
1.000000
1.000000
1.000000
1.000000
1.000000
1.000000
1.000000
1.000000
1.000000
1.000000
1.000000
1.000000
1.000000
1.000000
1.000000
1.000000
1.000000
1.000000
1.000000
1.000000
1.000000
1.000000
1.000000
1.000000
1.000000
1.000000
1.000000
1.000000
1.000000
1.000000
1.000000
1.000000
1.000000
1.000000
1.000000
1.000000
1.000000
1.000000
1.000000
1.000000
1.000000
1.000000
1.000000
1.000000
1.000000
1.000000
1.000000
1.000000
1.000000
1.000000
1.000000
1.000000
1.000000
1.000000
1.000000
1.000000
1.000000
1.000000
1.000000
1.000000
1.000000
1.000000
1.000000
1.000000
1.000000
1.000000
1.000000
1.000000
